12
23423
9384
098343
exit
quit
12121
12
12
12
12
12
12
13
12
14
12
12
14124
13213213213213
1233434
7392479832748729487128934
4294967294
4294967293
4294967296
4294967296
65536
4294967296
4294967295
65536
65537
4,294,836,225
4,294,836,224
65535
131070
65545
65535
65536
65537
65538
65539
65540
65541
65542
65543
65544
65546
65545
65546
131070
131071
131072
65600
66000
700000
70000
80000
90000
100000
110000
120000
130000
131000
130000
140000
130000
130500
130300
130100
130000
130010
130001
13000
130000
130001
4295031759
130000
131000
131070
4294967296
4294967295
549755813888
873847293857921837498123787
241242142
4295031758
65535
1
1
1
1
10
10000
100000
1000000
99999
99
999
9999
99999
999999
9999999
99999999
999999999
9999999999
9999
99999
9999
99999
99999999
999999999
999999999
99999999
999999999999
9999999999999
99999999999999999999
10
1001201
10
100
10000
1000
9999
99999
999999
38409730945739208570923857023984731204982374
37294587120398472384725091873439586475610981349586374658347650813745603874650873645
